object x y z rx ry rz quality dofValue
007_tuna_fish_can -0.0264682 -0.0220852  0.0151639 180 0 0 0.6 0.1
007_tuna_fish_can -0.0264682 -0.0220852  0.0151639 180 0 10 0.6 0.1
007_tuna_fish_can -0.0264682 -0.0220852  0.0151639 180 0 20 0.6 0.1
007_tuna_fish_can -0.0264682 -0.0220852  0.0151639 180 0 30 0.6 0.1
007_tuna_fish_can -0.0264682 -0.0220852  0.0151639 180 0 40 0.6 0.1
007_tuna_fish_can -0.0264682 -0.0220852  0.0151639 180 0 50 0.6 0.1
007_tuna_fish_can -0.0264682 -0.0220852  0.0151639 180 0 60 0.6 0.1
007_tuna_fish_can -0.0264682 -0.0220852  0.0151639 180 0 70 0.6 0.1
007_tuna_fish_can -0.0264682 -0.0220852  0.0151639 180 0 80 0.6 0.1
007_tuna_fish_can -0.0264682 -0.0220852  0.0151639 180 0 90 0.6 0.1
007_tuna_fish_can -0.0264682 -0.0220852  0.0151639 180 0 100 0.6 0.1
007_tuna_fish_can -0.0264682 -0.0220852  0.0151639 180 0 110 0.6 0.1
007_tuna_fish_can -0.0264682 -0.0220852  0.0151639 180 0 120 0.6 0.1
007_tuna_fish_can -0.0264682 -0.0220852  0.0151639 180 0 130 0.6 0.1
007_tuna_fish_can -0.0264682 -0.0220852  0.0151639 180 0 140 0.6 0.1
007_tuna_fish_can -0.0264682 -0.0220852  0.0151639 180 0 150 0.6 0.1
007_tuna_fish_can -0.0264682 -0.0220852  0.0151639 180 0 160 0.6 0.1
007_tuna_fish_can -0.0264682 -0.0220852  0.0151639 180 0 170 0.6 0.1
