object x y z rx ry rz quality dofValue
011_banana -0.01930661 0.00604764  0.0165316 180 0 25 1.0 0.05
011_banana -0.01630661 0.01204764  0.0165316 180 0 25 1.0 0.05
011_banana -0.01430661 0.01604764  0.0165316 180 0 25 0.8 0.05
011_banana -0.01230661 0.02004764  0.0165316 180 0 25 0.7 0.05
011_banana -0.01030661 0.02404764  0.0165316 180 0 20 0.7 0.05
011_banana -0.02110661 -0.00204764  0.0165316 180 0 15 1.0 0.05
011_banana -0.02230661 -0.00804764  0.0165316 180 0 13 0.8 0.05
011_banana -0.02200661 -0.01204764  0.0165316 180 0 11 0.8 0.05
011_banana -0.02400661 -0.02047640  0.0165316 180 0 9 0.8 0.05
