object x y z rx ry rz quality dofValue
055_baseball -0.0106693 -0.0474442  0.0394311 180 0 0 0.6 0.1
055_baseball -0.0106693 -0.0474442  0.0394311 180 0 10 0.6 0.1
055_baseball -0.0106693 -0.0474442  0.0394311 180 0 20 0.6 0.1
055_baseball -0.0106693 -0.0474442  0.0394311 180 0 30 0.6 0.1
055_baseball -0.0106693 -0.0474442  0.0394311 180 0 40 0.6 0.1
055_baseball -0.0106693 -0.0474442  0.0394311 180 0 50 0.6 0.1
055_baseball -0.0106693 -0.0474442  0.0394311 180 0 60 0.6 0.1
055_baseball -0.0106693 -0.0474442  0.0394311 180 0 70 0.6 0.1
055_baseball -0.0106693 -0.0474442  0.0394311 180 0 80 0.6 0.1
055_baseball -0.0106693 -0.0474442  0.0394311 180 0 90 0.6 0.1
055_baseball -0.0106693 -0.0474442  0.0394311 180 0 100 0.6 0.1
055_baseball -0.0106693 -0.0474442  0.0394311 180 0 110 0.6 0.1
055_baseball -0.0106693 -0.0474442  0.0394311 180 0 120 0.6 0.1
055_baseball -0.0106693 -0.0474442  0.0394311 180 0 130 0.6 0.1
055_baseball -0.0106693 -0.0474442  0.0394311 180 0 140 0.6 0.1
055_baseball -0.0106693 -0.0474442  0.0394311 180 0 150 0.6 0.1
055_baseball -0.0106693 -0.0474442  0.0394311 180 0 160 0.6 0.1
055_baseball -0.0106693 -0.0474442  0.0394311 180 0 170 0.6 0.1
