object x y z rx ry rz quality dofValue
061_foam_brick -0.0185352 0.0176024 0.0250215 180 0 0 0.922 0.055
061_foam_brick -0.0185352 0.0166024 0.0250215 180 0 0 0.922 0.055
061_foam_brick -0.0185352 0.0156024 0.0250215 180 0 0 0.922 0.055
061_foam_brick -0.0185352 0.0146024 0.0250215 180 0 0 0.922 0.055
061_foam_brick -0.0185352 0.0186024 0.0250215 180 0 0 0.922 0.055
061_foam_brick -0.0185352 0.0196024 0.0250215 180 0 0 0.922 0.055
061_foam_brick -0.0185352 0.0206024 0.0250215 180 0 0 0.922 0.055
061_foam_brick -0.0185352 0.0176024 0.0250215 180 0 90 0.922 0.085

