object x y z rx ry rz quality dofValue
008_pudding_box -0.00806239 0.0124667  0.0200911 180 0 60 0.6 0.1
008_pudding_box -0.00206239 0.0184667  0.0200911 180 0 60 0.6 0.1
008_pudding_box 0.00206239 0.0184667  0.0200911 180 0 60 0.6 0.1
008_pudding_box 0.00456239 0.020667  0.0200911 180 0 60 0.6 0.1
008_pudding_box 0.00756239 0.020667  0.0200911 180 0 60 0.6 0.1
008_pudding_box 0.01556239 0.025667  0.0200911 180 0 60 0.6 0.1
008_pudding_box 0.00206239 0.0184667  0.0200911 180 0 150 0.6 0.12
008_pudding_box 0.00006239 0.0164667  0.0200911 180 0 150 0.6 0.12
008_pudding_box 0.00306239 0.0134667  0.0200911 180 0 150 0.6 0.12
008_pudding_box 0.00606239 0.0134667  0.0170911 180 0 150 0.6 0.12
008_pudding_box -0.00206239 0.0204667  0.0200911 180 0 150 0.6 0.12
008_pudding_box -0.00406239 0.0244667  0.0200911 180 0 150 0.6 0.12
